2311.00047
2311.00048
2311.00049
2311.00055
2311.00056
2311.00059
2311.00063
2311.00066
2311.00067
2311.00068
2311.00073
2311.00074
2311.00077
2311.00079
2311.00081
2311.00094
2311.00096
2311.00097
2311.00101
2311.00109
2311.00112
2311.00115
2311.00116
2311.00117
2311.00118
2311.00126
2311.00128
2311.00134
2311.00143
2311.00144
2311.00152
2311.00153
2311.00156
2311.00157
2311.00159
2311.00161
2311.00164
2311.00167
2311.00168
2311.00172
2311.00176
2311.00177
2311.00180
2311.00182
2311.00187
2311.00189
2311.00192
2311.00197
2311.00199
2311.00201
2311.00203
2311.00204
2311.00206
2311.00207
2311.00208
2311.00211
2311.00212
2311.00213
2311.00214
2311.00217
2311.00223
2311.00224
2311.00227
2311.00230
2311.00231
2311.00232
2311.00233
2311.00236
2311.00237
2311.00240
2311.00241
2311.00246
2311.00252
2311.00253
2311.00256
2311.00257
2311.00258
2311.00259
2311.00260
2311.00262
2311.00263
2311.00267
2311.00268
2311.00270
2311.00271
2311.00272
2311.00273
2311.00276
2311.00277
2311.00278
2311.00279
2311.00280
2311.00282
2311.00284
2311.00285
2311.00286
2311.00287
2311.00288
2311.00290
2311.00291
2311.00292
2311.00296
2311.00298
2311.00300
2311.00301
2311.00304
2311.00306
2311.00308
2311.00310
2311.00313
2311.00314
2311.00317
2311.00318
2311.00320
2311.00321
2311.00322
2311.00327
2311.00328
2311.00330
2311.00333
2311.00334
2311.00335
2311.00339
2311.00342
2311.00343
2311.00344
2311.00346
2311.00353
2311.00354
2311.00356
2311.00358
2311.00367
2311.00368
2311.00369
2311.00371
2311.00372
2311.00373
2311.00377
2311.00382
2311.00385
2311.00386
2311.00388
2311.00389
2311.00390
2311.00391
2311.00393
2311.00397
2311.00399
2311.00400
2311.00401
2311.00403
2311.00405
2311.00408
2311.00412
2311.00416
2311.00420
2311.00422
2311.00423
2311.00425
2311.00426
2311.00428
2311.00430
2311.00433
2311.00434
2311.00436
2311.00437
2311.00440
2311.00441
2311.00442
2311.00444
2311.00445
2311.00447
2311.00451
2311.00452
2311.00453
2311.00455
2311.00457
2311.00460
2311.00462
2311.00466
2311.00469
2311.00474
2311.00475
2311.00476
2311.00481
2311.00488
2311.00489
2311.00491
2311.00500
2311.00502
2311.00506
2311.00508
2311.00513
2311.00514
2311.00517
2311.00519
2311.00522
2311.00523
2311.00527
2311.00529
2311.00530
2311.00533
2311.00534
2311.00535
2311.00541
2311.00545
2311.00548
2311.00551
2311.00554
2311.00556
2311.00558
2311.00559
2311.00560
2311.00562
2311.00565
2311.00566
2311.00571
2311.00578
2311.00579
2311.00582
2311.00586
2311.00587
2311.00588
2311.00591
2311.00594
2311.00599
2311.00603
2311.00604
2311.00610
2311.00611
2311.00612
2311.00613
2311.00618
2311.00619
2311.00626
2311.00629
2311.00634
2311.00635
2311.00636
2311.00637
2311.00638
2311.00642
2311.00646
2311.00651
2311.00653
2311.00658
2311.00660
2311.00664
2311.00668
2311.00671
2311.00676
2311.00681
2311.00684
2311.00686
2311.00687
2311.00689
2311.00690
2311.00691
2311.00693
2311.00694
2311.00696
2311.00697
2311.00706
2311.00709
2311.00710
2311.00718
2311.00719
2311.00720
2311.00721
2311.00724
2311.00727
2311.00728
2311.00729
2311.00731
2311.00732
2311.00733
2311.00734
2311.00735
2311.00737
2311.00738
2311.00739
2311.00749
2311.00750
2311.00754
2311.00762
2311.00767
2311.00768
2311.00769
2311.00772
2311.00774
2311.00778
2311.00779
2311.00785
2311.00788
2311.00790
2311.00791
2311.00792
2311.00796
2311.00797
2311.00798
2311.00800
2311.00801
2311.00802
2311.00807
2311.00808
2311.00810
2311.00812
2311.00814
2311.00815
2311.00816
2311.00822
2311.00830
2311.00835
2311.00837
2311.00840
2311.00842
2311.00847
2311.00848
2311.00853
2311.00854
2311.00855
2311.00858
2311.00859
2311.00860
2311.00863
2311.00865
2311.00866
2311.00869
2311.00871
2311.00873
2311.00875
2311.00880
2311.00882
2311.00883
2311.00886
2311.00887
2311.00888
2311.00889
2311.00890
2311.00892
2311.00895
2311.00897
2311.00899
2311.00903
2311.00906
2311.00911
2311.00913
2311.00915
2311.00917
2311.00919
2311.00921
2311.00922
2311.00923
2311.00924
2311.00926
2311.00928
2311.00931
2311.00932
2311.00936
2311.00938
2311.00940
2311.00941
2311.00943
2311.00945
2311.00947
2311.00949
2311.00952
2311.00953
2311.00958
2311.00959
2311.00960
2311.00961
2311.00962
2311.00964
2311.00966
2311.00967
2311.00968
2311.00971
2311.00973
2311.00974
2311.00976
2311.00978
2311.00979
2311.00980
2311.00982
2311.00983
2311.00984
2311.00986
2311.00987
2311.00988
2311.00990
2311.00991
2311.00992
2311.00993
2311.00994
2311.00995
2311.00998
2311.01001
2311.01002
2311.01003
2311.01004
2311.01007
2311.01008
2311.01009
2311.01010
2311.01011
2311.01012
2311.01013
2311.01015
2311.01016
2311.01017
2311.01018
2311.01020
2311.01022
2311.01023
2311.01024
2311.01025
2311.01026
2311.01030
2311.01032
2311.01033
2311.01034
2311.01036
2311.01038
2311.01039
2311.01040
2311.01041
2311.01043
2311.01046
2311.01047
2311.01048
2311.01049
2311.01050
2311.01051
2311.01054
2311.01055
2311.01056
2311.01057
2311.01059
2311.01060
2311.01061
2311.01064
2311.01065
2311.01070
2311.01073
2311.01075
2311.01077
2311.01078
2311.01079
2311.01090
2311.01091
2311.01092
2311.01094
2311.01106
2311.01107
2311.01108
2311.01111
2311.01113
2311.01115
2311.01117
2311.01118
2311.01122
2311.01125
2311.01129
2311.01130
2311.01133
2311.01135
2311.01138
2311.01139
2311.01145
2311.01146
2311.01149
2311.01150
2311.01152
2311.01153
2311.01154
2311.01155
2311.01156
2311.01161
2311.01164
2311.01166
2311.01167
2311.01171
2311.01173
2311.01180
2311.01181
2311.01184
2311.01185
2311.01188
2311.01191
2311.01192
2311.01193
2311.01195
2311.01196
2311.01197
2311.01198
2311.01200
2311.01201
2311.01202
2311.01205
2311.01212
2311.01214
2311.01222
2311.01223
2311.01224
2311.01226
2311.01227
2311.01229
2311.01230
2311.01233
2311.01235
2311.01237
2311.01240
2311.01243
2311.01245
2311.01247
2311.01248
2311.01252
2311.01253
2311.01254
2311.01256
2311.01258
2311.01263
2311.01264
2311.01266
2311.01267
2311.01270
2311.01273
2311.01274
2311.01276
2311.01279
2311.01282
2311.01283
2311.01288
2311.01292
2311.01295
2311.01301
2311.01302
2311.01304
2311.01305
2311.01307
2311.01310
2311.01311
2311.01314
2311.01315
2311.01323
2311.01325
2311.01326
2311.01327
2311.01329
2311.01331
2311.01335
2311.01337
2311.01338
2311.01343
2311.01344
2311.01349
2311.01350
2311.01351
2311.01354
2311.01357
2311.01361
2311.01366
2311.01372
2311.01373
2311.01375
2311.01378
2311.01379
2311.01380
2311.01386
2311.01394
2311.01398
2311.01403
2311.01405
2311.01406
2311.01409
2311.01410
2311.01412
2311.01414
2311.01415
2311.01419
2311.01420
2311.01423
2311.01428
2311.01429
2311.01431
2311.01432
2311.01433
2311.01434
2311.01435
2311.01441
2311.01442
2311.01444
2311.01446
2311.01447
2311.01448
2311.01449
2311.01450
2311.01451
2311.01452
2311.01454
2311.01455
2311.01457
2311.01458
2311.01459
2311.01460
2311.01461
2311.01462
2311.01463
2311.01467
2311.01468
2311.01469
2311.01472
2311.01473
2311.01474
2311.01475
2311.01477
2311.01478
2311.01479
2311.01483
2311.01487
2311.01490
2311.01511
2311.01515
2311.01517
2311.01520
2311.01522
2311.01526
2311.01530
2311.01532
2311.01534
2311.01540
2311.01544
2311.01550
2311.01553
2311.01555
2311.01556
2311.01559
2311.01563
2311.01567
2311.01568
2311.01570
2311.01571
2311.01573
2311.01575
2311.01580
2311.01581
2311.01584
2311.01589
2311.01591
2311.01597
2311.01598
2311.01599
2311.01602
2311.01603
2311.01605
2311.01606
2311.01609
2311.01615
2311.01617
2311.01619
2311.01620
2311.01623
2311.01630
2311.01634
2311.01635
2311.01642
2311.01644
2311.01646
2311.01647
2311.01650
2311.01651
2311.01655
2311.01659
2311.01660
2311.01661
2311.01662
2311.01666
2311.01673
2311.01676
2311.01677
2311.01678
2311.01680
2311.01682
2311.01684
2311.01686
2311.01689
2311.01693
2311.01695
2311.01696
2311.01697
2311.01698
2311.01703
2311.01707
2311.01708
2311.01712
2311.01713
2311.01714
2311.01715
2311.01717
2311.01720
2311.01722
2311.01723
2311.01725
2311.01728
2311.01729
2311.01732
2311.01734
2311.01737
2311.01739
2311.01740
2311.01743
2311.01744
2311.01749
2311.01751
2311.01752
2311.01753
2311.01755
2311.01757
2311.01759
2311.01764
2311.01766
2311.01767
2311.01770
2311.01771
2311.01773
2311.01775
2311.01781
2311.01782
2311.01786
2311.01788
2311.01790
2311.01792
2311.01793
2311.01796
2311.01797
2311.01800
2311.01804
2311.01807
2311.01811
2311.01813
2311.01815
2311.01817
2311.01820
2311.01822
2311.01823
2311.01825
2311.01828
2311.01829
2311.01831
2311.01832
2311.01833
2311.01838
2311.01840
2311.01842
2311.01843
2311.01850
2311.01851
2311.01859
2311.01860
2311.01862
2311.01864
2311.01866
2311.01870
2311.01873
2311.01875
2311.01876
2311.01882
2311.01885
2311.01886
2311.01890
2311.01895
2311.01901
2311.01902
2311.01905
2311.01906
2311.01907
2311.01909
2311.01912
2311.01914
2311.01918
2311.01920
2311.01924
2311.01927
2311.01928
2311.01929
2311.01933
2311.01934
2311.01937
2311.01939
2311.01944
2311.01949
2311.01950
2311.01953
2311.01955
2311.01956
2311.01960
2311.01961
2311.01964
2311.01966
2311.01967
2311.01977
2311.01981
2311.01984
2311.01989
2311.01990
2311.01993
2311.01995
2311.02007
2311.02009
2311.02010
2311.02013
2311.02017
2311.02018
2311.02023
2311.02025
2311.02026
2311.02031
2311.02035
2311.02039
2311.02044
2311.02049
2311.02050
2311.02055
2311.02058
2311.02061
2311.02062
2311.02067
2311.02068
2311.02069
2311.02072
2311.02073
2311.02075
2311.02076
2311.02077
2311.02078
2311.02082
2311.02083
2311.02084
2311.02085
2311.02086
2311.02087
2311.02089
2311.02093
2311.02095
2311.02099
2311.02100
2311.02101
2311.02102
2311.02103
2311.02104
2311.02105
2311.02106
2311.02107
2311.02108
2311.02110
2311.02115
2311.02116
2311.02117
2311.02120
2311.02121
2311.02122
2311.02123
2311.02125
2311.02126
2311.02127
2311.02129
2311.02130
2311.02132
2311.02133
2311.02142
2311.02147
2311.02171
2311.02172
2311.02183
2311.02188
2311.02189
2311.02191
2311.02192
2311.02194
2311.02198
2311.02202
2311.02205
2311.02206
2311.02209
2311.02211
2311.02213
2311.02215
2311.02216
2311.02217
2311.02219
2311.02221
2311.02224
2311.02225
2311.02227
2311.02228
2311.02231
2311.02234
2311.02236
2311.02237
2311.02239
2311.02240
2311.02242
2311.02243
2311.02247
2311.02248
2311.02249
2311.02251
2311.02253
2311.02256
2311.02259
2311.02262
2311.02263
2311.02265
2311.02268
2311.02270
2311.02271
2311.02272
2311.02274
2311.02277
2311.02278
2311.02279
2311.02282
2311.02283
2311.02287
2311.02288
2311.02291
2311.02294
2311.02296
2311.02300
2311.02303
2311.02304
2311.02305
2311.02310
2311.02311
2311.02313
2311.02314
2311.02315
2311.02316
2311.02317
2311.02319
2311.02321
2311.02324
2311.02326
2311.02327
2311.02328
2311.02329
2311.02331
2311.02332
2311.02333
2311.02337
2311.02338
2311.02339
2311.02340
2311.02341
2311.02342
2311.02343
2311.02344
2311.02345
2311.02346
2311.02348
2311.02349
2311.02351
2311.02355
2311.02356
2311.02357
2311.02362
2311.02369
2311.02373
2311.02376
2311.02378
2311.02379
2311.02380
2311.02382
2311.02384
2311.02389
2311.02390
2311.02392
2311.02393
2311.02394
2311.02396
2311.02398
2311.02399
2311.02400
2311.02401
2311.02402
2311.02405
2311.02406
2311.02407
2311.02408
2311.02413
2311.02415
2311.02416
2311.02420
2311.02421
2311.02423
2311.02427
2311.02428
2311.02432
2311.02433
2311.02436
2311.02438
2311.02440
2311.02446
2311.02447
2311.02451
2311.02454
2311.02455
2311.02460
2311.02461
2311.02462
2311.02466
2311.02475
2311.02476
2311.02482
2311.02485
2311.02489
2311.02490
2311.02492
2311.02493
2311.02495
2311.02496
2311.02499
2311.02500
2311.02502
2311.02503
2311.02506
2311.02507
2311.02508
2311.02510
2311.02511
2311.02512
2311.02516
2311.02520
2311.02523
2311.02525
2311.02527
2311.02531
2311.02535
2311.02536
2311.02537
2311.02538
2311.02542
2311.02544
2311.02546
2311.02549
2311.02551
2311.02552
2311.02554
2311.02558
2311.02559
2311.02560
2311.02561
2311.02563
2311.02564
2311.02565
2311.02566
2311.02570
2311.02571
2311.02572
2311.02573
2311.02576
2311.02578
2311.02579
2311.02581
2311.02582
2311.02583
2311.02589
2311.02597
2311.02598
2311.02599
2311.02601
2311.02602
2311.02608
2311.02612
2311.02616
2311.02617
2311.02621
2311.02622
2311.02625
2311.02628
2311.02629
2311.02630
2311.02631
2311.02633
2311.02636
2311.02640
2311.02641
2311.02642
2311.02647
2311.02648
2311.02649
2311.02650
2311.02651
2311.02656
2311.02657
2311.02659
2311.02660
2311.02661
2311.02663
2311.02664
2311.02665
2311.02667
2311.02668
2311.02673
2311.02677
2311.02679
2311.02684
2311.02687
2311.02691
2311.02692
2311.02697
2311.02699
2311.02700
2311.02701
2311.02702
2311.02703
2311.02707
2311.02708
2311.02709
2311.02715
2311.02719
2311.02732
2311.02733
2311.02734
2311.02736
2311.02737
2311.02738
2311.02741
2311.02745
2311.02746
2311.02747
2311.02748
2311.02749
2311.02756
2311.02757
2311.02758
2311.02760
2311.02761
2311.02762
2311.02765
2311.02766
2311.02767
2311.02771
2311.02772
2311.02774
2311.02775
2311.02777
2311.02778
2311.02781
2311.02782
2311.02786
2311.02787
2311.02790
2311.02791
2311.02793
2311.02795
2311.02797
2311.02798
2311.02799
2311.02800
2311.02801
2311.02802
2311.02803
2311.02804
2311.02805
2311.02807
2311.02809
2311.02811
2311.02815
2311.02816
2311.02817
2311.02818
2311.02819
2311.02820
2311.02826
2311.02831
2311.02832
2311.02833
2311.02834
2311.02835
2311.02837
2311.02839
2311.02840
2311.02847
2311.02848
2311.02849
2311.02850
2311.02851
2311.02856
2311.02861
2311.02862
2311.02863
2311.02865
2311.02868
2311.02869
2311.02872
2311.02873
2311.02877
2311.02879
2311.02880
2311.02883
2311.02884
2311.02887
2311.02891
2311.02892
2311.02894
2311.02900
2311.02903
2311.02904
2311.02907
2311.02908
2311.02909
2311.02910
2311.02912
2311.02916
2311.02917
2311.02918
2311.02921
2311.02922
2311.02924
2311.02926
2311.02928
2311.02929
2311.02937
2311.02938
2311.02940
2311.02945
2311.02947
2311.02948
2311.02955
2311.02956
2311.02957
2311.02960
2311.02961
2311.02962
2311.02971
2311.02976
2311.02985
2311.02991
2311.02994
2311.02995
2311.02996
2311.03000
2311.03001
2311.03002
2311.03004
2311.03007
2311.03008
2311.03010
2311.03016
2311.03017
2311.03021
2311.03024
2311.03026
2311.03029
2311.03032
2311.03033
2311.03034
2311.03035
2311.03036
2311.03037
2311.03040
2311.03046
2311.03052
2311.03053
2311.03054
2311.03055
2311.03057
2311.03058
2311.03059
2311.03061
2311.03063
2311.03067
2311.03071
2311.03075
2311.03076
2311.03078
2311.03079
2311.03080
2311.03082
2311.03083
2311.03084
2311.03087
2311.03090
2311.03092
2311.03094
2311.03096
2311.03098
2311.03099
2311.03105
2311.03106
2311.03109
2311.03113
2311.03114
2311.03115
2311.03117
2311.03122
2311.03124
2311.03127
2311.03128
2311.03136
2311.03140
2311.03146
2311.03149
2311.03150
2311.03153
2311.03154
2311.03157
2311.03164
2311.03171
2311.03172
2311.03174
2311.03177
2311.03178
2311.03179
2311.03184
2311.03186
2311.03189
2311.03191
2311.03192
2311.03194
2311.03196
2311.03197
2311.03198
2311.03205
2311.03206
2311.03207
2311.03210
2311.03212
2311.03213
2311.03216
2311.03220
2311.03221
2311.03223
2311.03224
2311.03225
2311.03226
2311.03228
2311.03230
2311.03232
2311.03233
2311.03235
2311.03236
2311.03240
2311.03242
2311.03243
2311.03245
2311.03246
2311.03250
2311.03253
2311.03260
2311.03262
2311.03263
2311.03267
2311.03268
2311.03275
2311.03277
2311.03278
2311.03282
2311.03284
2311.03285
2311.03287
2311.03292
2311.03293
2311.03300
2311.03301
2311.03303
2311.03309
2311.03311
2311.03312
2311.03316
2311.03318
2311.03319
2311.03320
2311.03321
2311.03323
2311.03324
2311.03328
2311.03332
2311.03335
2311.03338
2311.03339
2311.03340
2311.03345
2311.03346
2311.03348
2311.03351
2311.03352
2311.03354
2311.03355
2311.03356
2311.03357
2311.03358
2311.03359
2311.03360
2311.03361
2311.03362
2311.03363
2311.03364
2311.03365
2311.03366
2311.03367
2311.03369
2311.03372
2311.03373
2311.03374
2311.03375
2311.03376
2311.03379
2311.03380
2311.03381
2311.03382
2311.03383
2311.03384
2311.03385
2311.03386
2311.03387
2311.03388
2311.03390
2311.03393
2311.03395
2311.03396
2311.03401
2311.03402
2311.03405
2311.03408
2311.03410
2311.03413
2311.03414
2311.03415
2311.03417
2311.03420
2311.03422
2311.03424
2311.03425
2311.03426
2311.03427
2311.03449
2311.03468
2311.03470
2311.03476
2311.03477
2311.03478
2311.03484
2311.03485
2311.03486
2311.03488
2311.03489
2311.03496
2311.03498
2311.03504
2311.03509
2311.03510
2311.03517
2311.03518
2311.03520
2311.03524
2311.03526
2311.03527
2311.03530
2311.03532
2311.03533
2311.03534
2311.03535
2311.03537
2311.03542
2311.03543
2311.03545
2311.03547
2311.03550
2311.03551
2311.03552
2311.03553
2311.03555
2311.03557
2311.03559
2311.03561
2311.03562
2311.03564
2311.03565
2311.03566
2311.03567
2311.03570
2311.03572
2311.03573
2311.03574
2311.03579
2311.03581
2311.03583
2311.03584
2311.03585
2311.03588
2311.03592
2311.03600
2311.03606
2311.03608
2311.03609
2311.03611
2311.03612
2311.03614
2311.03615
2311.03616
2311.03619
2311.03620
2311.03621
2311.03622
2311.03623
2311.03624
2311.03626
2311.03627
2311.03628
2311.03629
2311.03630
2311.03631
2311.03633
2311.03636
2311.03639
2311.03645
2311.03648
2311.03650
2311.03651
2311.03653
2311.03655
2311.03657
2311.03658
2311.03659
2311.03661
2311.03663
2311.03664
2311.03665
2311.03669
2311.03672
2311.03679
2311.03680
2311.03682
2311.03683
2311.03685
2311.03687
2311.03688
2311.03695
2311.03696
2311.03697
2311.03698
2311.03701
2311.03703
2311.03705
2311.03707
2311.03711
2311.03712
2311.03714
2311.03716
2311.03721
2311.03722
2311.03725
2311.03731
2311.03732
2311.03733
2311.03734
2311.03736
2311.03737
2311.03739
2311.03742
2311.03745
2311.03746
2311.03747
2311.03748
2311.03749
2311.03753
2311.03754
2311.03755
2311.03756
2311.03758
2311.03760
2311.03761
2311.03762
2311.03764
2311.03767
2311.03768
2311.03770
2311.03772
2311.03774
2311.03775
2311.03778
2311.03780
2311.03782
2311.03783
2311.03784
2311.03785
2311.03788
2311.03792
2311.03793
2311.03797
2311.03798
2311.03799
2311.03806
2311.03809
2311.03810
2311.03812
2311.03815
2311.03818
2311.03823
2311.03825
2311.03826
2311.03828
2311.03830
2311.03831
2311.03832
2311.03837
2311.03838
2311.03839
2311.03841
2311.03850
2311.03852
2311.03853
2311.03854
2311.03855
2311.03857
2311.03863
2311.03864
2311.03865
2311.03866
2311.03867
2311.03869
2311.03873
2311.03881
2311.03883
2311.03886
2311.03889
2311.03893
2311.03895
2311.03896
2311.03897
2311.03899
2311.03900
2311.03901
2311.03904
2311.03909
2311.03910
2311.03912
2311.03919
2311.03920
2311.03923
2311.03926
2311.03928
2311.03932
2311.03938
2311.03942
2311.03943
2311.03952
2311.03955
2311.03956
2311.03957
2311.03959
2311.03963
2311.03964
2311.03965
2311.03967
2311.03969
2311.03970
2311.03974
2311.03975
2311.03976
2311.03982
2311.03985
2311.03986
2311.03989
2311.03996
2311.03998
2311.03999
2311.04002
2311.04007
2311.04009
2311.04011
2311.04012
2311.04014
2311.04015
2311.04016
2311.04020
2311.04030
2311.04031
2311.04034
2311.04037
2311.04040
2311.04042
2311.04044
2311.04046
2311.04052
2311.04055
2311.04056
2311.04058
2311.04059
2311.04060
2311.04061
2311.04064
2311.04065
2311.04066
2311.04067
2311.04069
2311.04071
2311.04072
2311.04076
2311.04077
2311.04078
2311.04079
2311.04082
2311.04083
2311.04085
2311.04088
2311.04091
2311.04092
2311.04095
2311.04096
2311.04098
2311.04107
2311.04108
2311.04109
2311.04124
2311.04126
2311.04128
2311.04131
2311.04133
2311.04139
2311.04140
2311.04142
2311.04144
2311.04145
2311.04147
2311.04148
2311.04149
2311.04150
2311.04154
2311.04155
2311.04157
2311.04158
2311.04160
2311.04163
2311.04164
2311.04166
2311.04171
2311.04172
2311.04177
2311.04179
2311.04180
2311.04181
2311.04189
2311.04190
2311.04192
2311.04193
2311.04194
2311.04196
2311.04199
2311.04204
2311.04205
2311.04207
2311.04210
2311.04212
2311.04215
2311.04218
2311.04219
2311.04221
2311.04226
2311.04235
2311.04239
2311.04240
2311.04243
2311.04244
2311.04245
2311.04246
2311.04247
2311.04250
2311.04251
2311.04252
2311.04254
2311.04256
2311.04257
2311.04260
2311.04261
2311.04262
2311.04263
2311.04284
2311.04287
2311.04289
2311.04292
2311.04293
2311.04299
2311.04301
2311.04302
2311.04303
2311.04306
2311.04310
2311.04311
2311.04313
2311.04315
2311.04319
2311.04320
2311.04323
2311.04325
2311.04326
2311.04327
2311.04328
2311.04329
2311.04330
2311.04333
2311.04335
2311.04336
2311.04338
2311.04343
2311.04344
2311.04345
2311.04346
2311.04348
2311.04350
2311.04351
2311.04354
2311.04362
2311.04364
2311.04368
2311.04371
2311.04372
2311.04373
2311.04375
2311.04378
2311.04380
2311.04382
2311.04383
2311.04386
2311.04389
2311.04390
2311.04391
2311.04397
2311.04398
2311.04400
2311.04402
2311.04403
2311.04406
2311.04410
2311.04412
2311.04414
2311.04417
2311.04420
2311.04427
2311.04433
2311.04434
2311.04438
2311.04441
2311.04448
2311.04449
2311.04451
2311.04453
2311.04454
2311.04456
2311.04457
2311.04458
2311.04459
2311.04464
2311.04465
2311.04467
2311.04472
2311.04474
2311.04477
2311.04479
2311.04480
2311.04482
2311.04491
2311.04494
2311.04495
2311.04496
2311.04498
2311.04499
2311.04501
2311.04502
2311.04503
2311.04505
2311.04507
2311.04509
2311.04511
2311.04512
2311.04513
2311.04517
2311.04518
2311.04519
2311.04521
2311.04522
2311.04524
2311.04527
2311.04528
2311.04531
2311.04532
2311.04533
2311.04534
2311.04535
2311.04536
2311.04538
2311.04542
2311.04544
2311.04547
2311.04549
2311.04550
2311.04551
2311.04554
2311.04559
2311.04561
2311.04562
2311.04563
2311.04569
2311.04573
2311.04574
2311.04578
2311.04579
2311.04581
2311.04584
2311.04587
2311.04588
2311.04589
2311.04590
2311.04591
2311.04592
2311.04599
2311.04603
2311.04606
2311.04611
2311.04614
2311.04615
2311.04617
2311.04625
2311.04633
2311.04634
2311.04635
2311.04638
2311.04640
2311.04643
2311.04645
2311.04648
2311.04649
2311.04651
2311.04653
2311.04655
2311.04658
2311.04659
2311.04661
2311.04662
2311.04664
2311.04666
2311.04678
2311.04686
2311.04688
2311.04692
2311.04694
2311.04698
2311.04699
2311.04705
2311.04707
2311.04710
2311.04711
2311.04726
2311.04730
2311.04731
2311.04740
2311.04742
2311.04744
2311.04747
2311.04749
2311.04755
2311.04760
2311.04761
2311.04764
2311.04765
2311.04766
2311.04767
2311.04770
2311.04771
2311.04774
2311.04777
2311.04778
2311.04779
2311.04783
2311.04787
2311.04788
2311.04789
2311.04797
2311.04798
2311.04799
2311.04806
2311.04808
2311.04810
2311.04811
2311.04813
2311.04815
2311.04816
2311.04817
2311.04818
2311.04823
2311.04824
2311.04828
2311.04829
2311.04830
2311.04831
2311.04833
2311.04834
